,sample0_DecisionTree,sample0_KNeighbors,sample1_DecisionTree,sample1_KNeighbors,sample2_DecisionTree,sample2_KNeighbors
639,0.9274078800750094,0.7655460026699352,0.9281599473105164,0.7363361726927676,0.8659864391394554,0.654628806632759
956,0.8861724643669467,0.7620938561507117,0.9014427179994127,0.7216543959438939,0.8736427193737992,0.6480659946060122
867,0.8196428422011333,0.6165469338685043,0.7727773789139328,0.636941506111475,0.6956280510023687,0.5850438229787079
336,0.7818352889030612,0.6310725445265223,0.7529610930172665,0.696782937204028,0.6720421643375118,0.522089784633506
920,0.749918315049632,0.49392612736461833,0.6949698720700368,0.4196611182164671,0.6626462787143511,0.5276891755364642
701,0.7451909970786488,0.5166121675994817,0.7804638851468209,0.5768870009848117,0.6701173298179228,0.5474889388471085
269,0.7397601660244038,0.48521319214065056,0.7087704117021177,0.6620764313854597,0.8373143332882975,0.6085235013545982
504,0.7238794263842001,0.5420379839629232,0.4827878106650553,0.452807524427699,0.43711530065616966,0.3561876968841596
341,0.7119882462701335,0.6703921932254264,0.778389918623954,0.7112527038750057,0.7477923443866723,0.7037855565235169
395,0.7045854876331188,0.5522161650427079,0.7272411225137,0.5997374507032116,0.7468171526296025,0.6248059889932839
724,0.6937802669060433,0.5617678306682998,0.694918310199605,0.5977652671970408,0.7224478966203989,0.617378904265799
315,0.6890373719109119,0.6004965134623033,0.7622909095287423,0.65381120283721,0.8060190529408966,0.637660283263735
829,0.662499690284986,0.5957658243557646,0.5498535505819568,0.484093445139386,0.5539488979642938,0.41849888674763014
736,0.6581507691818773,0.4690712921230041,0.5883977849307467,0.5415044692693904,0.5621011697252043,0.38667676845501964
257,0.6061239245077368,0.6042119403966815,0.6862280371367364,0.6067475123993014,0.7056577013834462,0.5789841673065137
769,0.5354695435435569,0.5006165862274251,0.6389288022168531,0.5287965792005833,0.5838599942230865,0.41027231498804406
526,0.47397479698423756,0.5651995828843731,0.4998384650190496,0.5089006056418504,0.41940873852419136,0.5055633007465024
808,0.44277259985261996,0.47245228240887127,0.6107520008094056,0.5004845724945717,0.6589553648434721,0.4147433545384581
681,0.42285227387076507,0.3295181373907595,0.5960783745775046,0.31847398827417817,0.5670582142122782,0.1416806404349078
308,0.37700547827416775,0.28291197425278114,0.56959755244517,0.3048166797182411,0.5093395475011191,0.24450840286033357
463,-0.3049115029637268,-0.07266130313234265,-1.35252060965224,-0.19276240781741705,-1.1112924942641715,-0.23074849028294772
502,-0.35654567881211885,-0.2722156167504528,-1.5852851281141902,-0.22552028630978183,-0.7639240768120079,-0.19281632612380162
337,-0.38543336063671685,-0.133136254824056,-1.1794542112922612,-0.3528349255222476,-1.4338386898318944,-0.15892937052081568
542,-0.4139273319262309,-0.350349471828905,-1.037660508280367,-0.16448754531327325,-1.5641595711940282,-0.3332887068450021
753,-0.44360792473838395,-0.10148890603552685,-0.8929122791694317,-0.11487382605346452,-1.0616319720806384,-0.22056654991012636
