,sample0_DecisionTree,sample0_KNeighbors,sample1_DecisionTree,sample1_KNeighbors,sample2_DecisionTree,sample2_KNeighbors
153,0.9671313252957502,0.8002209819583238,0.9702336807177124,0.7964932328126163,0.9727824804968846,0.7389697029700962
128,0.9641938997096473,0.8705588125040203,0.9334562167078082,0.8700178099692522,0.9475024868756217,0.8766751191687798
442,0.9549797055909073,0.7076596970359009,0.9434965803250995,0.7371015386551588,0.934666643480497,0.6412579761741029
475,0.9541089881110107,0.7613912526736675,0.9198456893122442,0.8413246476197206,0.9636519236816449,0.7320139543537272
493,0.952823077971857,0.8458337938398244,0.9369594076848456,0.8406365229094995,0.8697117586574081,0.8530060949670124
472,0.9516434771053445,0.8114754131125016,0.9462048150103479,0.8050645230740163,0.9121558640737085,0.8089139090868627
64,0.9449530602306512,0.8385227091244807,0.9540129298143304,0.8339331159549489,0.9661295478255291,0.8253891870652892
105,0.942680677718444,0.7499743726679661,0.9443291949770731,0.7043462163210376,0.9007122113235895,0.7599201709686865
336,0.9407239221091523,0.8249927398329399,0.9489347962116365,0.8165367900094462,0.9266781435061678,0.7945210518621334
453,0.9406007544487195,0.8515349645897129,0.9057213707671578,0.8674982949455265,0.9290265226814705,0.8885010880076265
28,0.9397438077308363,0.49183433746663374,0.9499446484001177,0.42647865134118745,0.9507120620679613,0.45308311781957883
281,0.9357415960631856,0.8495514354277204,0.9673798337421495,0.8469936841881229,0.9461555214918056,0.8262059462563525
378,0.9311967898292933,0.39712460599753135,0.9377685549053959,0.4414863834671463,0.963432870559582,0.40404621854506684
451,0.9303661282918567,0.49742509984557504,0.9252142441936226,0.42521662374039837,0.9335575388655084,0.49037550967801125
48,0.9259070550792442,0.47365259229692835,0.907490659579349,0.4890820442376601,0.9553304691592958,0.48409988411729704
241,0.9222802185230723,0.783545770804281,0.9530335399413844,0.829711205593556,0.9444852095054102,0.7590226496925248
318,0.9177232885626976,0.3808251953925167,0.9353509694535509,0.3139309357886946,0.9379564805977835,0.40185747841598196
433,0.8996667731360473,0.8446395538882298,0.9543651715177929,0.8322940871041945,0.9466241400745798,0.7987184318227172
338,0.7754941479043814,0.8352456151135543,0.7829379490531367,0.8394691400882868,0.7332060443941835,0.8036338184907591
455,0.6115365025584624,0.8368868707876358,0.4871465489247468,0.8685110372108509,0.5170688642581542,0.8322978385392008
291,-0.2498390424730106,-0.24224061667058505,-0.9083198063304203,-0.17661889597973102,-0.8000441631271923,-0.15839365953632378
430,-0.3926402400864768,-0.257497013142175,-1.2864447851230083,-0.09289558026926481,-1.0046689903833332,-0.23778821998325175
225,-0.39888252063346363,-0.09800243657260022,-1.0811592386366682,0.04054406194178295,-1.2993199279236896,-0.2283155513677766
447,-0.41203610224932374,-0.15982413277874263,-1.590799978106356,-0.47088067182209925,-1.187043503191049,-0.2477167927115238
1,-0.46867278374085397,-0.14856067698343556,-0.999532322742073,-0.21731678124955867,-0.5513539171704993,-0.013222905061925694
